BOT_TOKEN=8665265232:AAGQWyNdEBZOWszo4Gi3WOkg9BXMTD-DVYY
ADMIN_PASSWORD=admin123
OFFICE_LAT=47.11150731320942
OFFICE_LON=51.92043675195111
OFFICE_RADIUS_M=100
